1204 21.027000 46.830002 142 2 9
1441 18.618999 47.206116 0 3 14
1464 21.096834 46.352238 184 17 28
1411 19.481483 46.932106 315 4 6
1456 18.063326 46.915649 342 8 10
1444 22.105179 48.176304 300 4 7
483 18.282967 46.632935 0 4 12
745 17.784695 46.817600 85 6 8
361 18.873692 47.688549 338 8 13
1068 17.931814 47.206661 300 13 17
766 18.351974 45.789551 0 2 9
380 17.615999 47.132999 59 10 14
756 17.699615 46.780766 45 0 0
1468 18.780258 47.778851 308 3 4
958 17.477919 46.714417 112 0 10
1080 19.642181 46.924152 0 5 12
577 19.928856 47.779251 338 5 12
490 18.020168 47.033054 325 6 18
1373 18.833357 47.408607 0 5 9
764 20.423584 47.977055 105 2 8
14 16.481943 47.364056 340 15 20
57 15.070500 44.288502 68 4 6
428 20.750000 47.216000 0 4 10
727 19.288559 46.622562 292 0 4
1640 17.754377 46.881180 349 11 12
1153 21.389650 47.453255 53 11 14
1015 16.600212 47.255989 45 0 2
714 20.549999 48.483002 202 0 4
713 19.350872 47.482872 22 0 7
1466 18.107529 46.843521 358 7 13
1331 18.061846 46.903046 248 0 2
1385 21.634899 48.405731 202 7 18
944 18.256001 47.370338 308 6 12
1395 20.689219 47.891491 22 10 12
1055 21.579380 47.512215 8 0 6
1062 17.987310 47.638103 51 8 15
1187 18.115999 47.750000 345 1 10
1359 20.992212 47.859707 60 5 9
822 17.361488 47.391144 300 0 4
1454 19.185562 46.440933 45 3 4
1308 17.887749 46.858963 22 6 10
773 21.349182 46.706440 248 0 12
812 19.144363 48.021622 300 0 3
837 18.470936 47.005894 0 4 6
1433 19.846630 47.993973 82 0 4
1218 16.833000 46.632999 0 0 0
1372 19.655001 47.069000 338 0 0
777 20.448990 46.363514 338 0 5
1471 18.137161 46.152084 202 0 0
796 18.110018 47.030064 0 12 21
779 20.402342 47.909554 324 8 16
1183 18.703291 46.351768 135 0 0
1425 20.376205 47.899773 22 4 15
597 20.291256 48.210732 45 0 3
1319 17.115999 46.566002 0 0 4
1079 19.027613 46.697182 0 6 9
1332 18.429831 46.268505 158 3 5
938 18.947290 46.550194 45 0 7
1557 20.056164 46.065563 270 2 3
1161 18.996004 47.406307 315 0 1
700 17.095413 46.262493 353 6 14
1632 17.841631 46.832573 117 2 9
1584 21.377001 48.166000 45 0 6
1323 18.042875 47.814838 22 3 3
778 21.903992 47.626530 263 0 3
1642 17.966000 46.000000 270 2 13
1426 19.920687 46.320194 0 2 4
1196 19.394226 47.420681 293 4 8
1175 20.165920 46.533123 45 0 0
1063 17.498314 47.521187 0 4 10
898 17.871719 47.263718 248 0 7
789 21.523848 46.869492 338 0 8
406 20.108414 46.204071 315 0 0
935 17.893751 46.913589 315 0 8
993 18.351288 46.155579 22 0 5
800 20.341616 47.985355 338 6 12
820 19.763075 47.908863 38 4 10
1179 17.182016 47.181545 317 8 9
772 16.952248 46.423187 0 6 10
1000 17.018574 47.236370 309 5 6
1254 20.742188 48.064774 248 0 4
870 21.390181 47.455578 26 30 34
838 18.086929 46.863594 337 8 12
453 19.132999 47.783001 315 0 0
1195 17.707279 46.793697 22 3 10
1166 17.429464 46.883312 0 2 5
1285 19.222919 46.875549 349 8 14
582 18.682938 46.481373 0 3 7
770 21.016001 47.881001 315 0 2
716 20.830357 46.940563 329 7 15
388 22.393570 48.044464 68 0 3
688 19.729065 47.576656 292 4 7
1050 18.970642 47.784557 86 4 7
352 17.690063 47.574749 270 0 0
920 19.895039 47.917240 7 4 8
1191 19.499870 47.262093 350 0 0
405 25.292587 46.304852 2 6 12
395 20.003700 46.249435 338 2 4
1133 17.283001 47.866001 0 0 0
975 17.789783 46.361145 293 1 12
1243 20.260805 46.635971 11 9 13
19 17.559700 46.851601 345 3 4
1316 17.550831 46.744801 45 12 21
389 20.630951 47.370918 345 2 8
771 18.949356 46.186012 22 0 6
1216 22.516823 48.016338 352 0 0
1431 17.872000 47.258999 248 0 4
984 17.789591 46.360970 330 4 14
1438 20.241365 46.630344 42 4 9
1199 20.452166 46.209862 338 0 2
759 19.606686 46.748234 0 6 9
1340 21.731169 47.899368 352 5 5
917 20.063438 47.818916 45 0 0
1328 20.129013 46.266766 345 6 9
1212 17.736084 46.385498 338 4 11
701 19.011200 46.180279 0 0 0
729 17.788000 46.355999 45 0 0
1641 17.819000 46.914001 338 0 13
1151 17.730759 47.254902 315 0 0
998 20.777893 48.521496 172 2 4
858 18.055269 46.911541 0 4 9
741 18.974035 47.550804 45 5 7
937 18.151646 46.139763 338 0 0
794 21.216000 48.382999 54 7 9
1299 18.337137 46.840412 0 3 10
1459 18.804646 46.943466 15 4 8
1352 20.509415 46.226818 337 3 5
721 18.495680 47.128010 270 2 7
475 17.930002 47.213425 292 0 6
433 21.847401 47.772099 248 0 3
1006 20.543404 48.132298 8 0 4
1076 19.348000 47.613998 292 3 6
358 19.027548 47.502735 338 6 13
1627 17.372368 46.826668 299 6 13
1188 22.513454 47.983948 38 0 0
1193 19.539356 46.205975 22 0 3
1437 19.376234 47.574238 337 0 0
1172 20.743999 48.299999 338 0 3
1453 21.030161 46.679893 158 6 17
717 16.939177 47.255424 8 5 5
749 18.608616 47.583961 90 0 0
583 17.657948 46.774906 90 0 0
1008 18.952789 47.494762 338 18 18
1203 17.703827 46.084118 225 0 0
584 20.223042 47.130360 322 4 9
1394 18.066000 46.910000 7 14 14
436 17.832012 46.155697 22 9 25
710 20.200300 47.147121 345 2 11
726 18.185635 46.068825 45 2 10
1499 18.281830 47.157127 270 4 7
1084 16.793539 46.883362 22 0 0
1104 18.010839 47.018887 310 14 21
1265 20.007000 47.870998 225 4 7
1500 17.584499 46.756145 112 4 9